NC_006067.1	0	100000	2
NC_006067.1	100000	200000	5
NC_006067.1	200000	300000	1
NC_006067.1	300000	400000	1
NC_006067.1	600000	700000	2
NC_006067.1	700000	800000	5
NC_006067.1	800000	900000	4
NC_006067.1	900000	1000000	6
NC_006067.1	1000000	1100000	3
NC_006067.1	1100000	1200000	1
NC_006067.1	1200000	1300000	1
NC_006067.1	1300000	1400000	3
NC_006067.1	1400000	1500000	1
NC_006067.1	1700000	1800000	2
NC_006067.1	1800000	1900000	2
NC_006067.1	1900000	2000000	5
NC_006067.1	2100000	2200000	4
NC_006067.1	2200000	2300000	5
NC_006068.1	0	100000	6
NC_006068.1	100000	200000	7
NC_006068.1	200000	300000	2
NC_006068.1	300000	400000	3
NC_006068.1	400000	500000	4
NC_006068.1	500000	600000	1
NC_006068.1	600000	700000	8
NC_006068.1	700000	800000	1
NC_006068.1	800000	900000	1
NC_006068.1	900000	1000000	3
NC_006068.1	1000000	1100000	4
NC_006068.1	1100000	1200000	6
NC_006068.1	1200000	1300000	5
NC_006068.1	1300000	1400000	6
NC_006068.1	1400000	1500000	1
NC_006068.1	1500000	1600000	2
NC_006068.1	1600000	1700000	3
NC_006068.1	1700000	1800000	3
NC_006068.1	1900000	2000000	1
NC_006068.1	2000000	2100000	1
NC_006068.1	2100000	2200000	3
NC_006068.1	2200000	2300000	3
NC_006068.1	2300000	2400000	3
NC_006068.1	2400000	2500000	1
NC_006068.1	2500000	2600000	5
NC_006068.1	2600000	2700000	4
NC_006068.1	2700000	2800000	6
NC_006068.1	2800000	2900000	4
NC_006068.1	2900000	3000000	2
NC_006068.1	3000000	3066374	5
NC_006069.1	0	100000	5
NC_006069.1	100000	200000	3
NC_006069.1	200000	300000	2
NC_006069.1	300000	400000	4
NC_006069.1	400000	500000	3
NC_006069.1	500000	600000	1
NC_006069.1	600000	700000	3
NC_006069.1	700000	800000	10
NC_006069.1	800000	900000	2
NC_006069.1	900000	1000000	2
NC_006069.1	1000000	1100000	3
NC_006069.1	1100000	1200000	4
NC_006069.1	1200000	1300000	3
NC_006069.1	1300000	1400000	3
NC_006069.1	1400000	1500000	3
NC_006069.1	1500000	1600000	7
NC_006069.1	1600000	1700000	4
NC_006069.1	1700000	1800000	5
NC_006069.1	1800000	1900000	6
NC_006069.1	1900000	2000000	2
NC_006069.1	2000000	2100000	4
NC_006069.1	2100000	2200000	5
NC_006069.1	2200000	2300000	6
NC_006069.1	2600000	2700000	5
NC_006069.1	2700000	2800000	1
NC_006069.1	2800000	2900000	2
NC_006069.1	3000000	3100000	2
NC_006069.1	3100000	3200000	4
NC_006069.1	3200000	3272609	7
NC_006070.1	0	100000	4
NC_006070.1	100000	200000	5
NC_006070.1	200000	300000	5
NC_006070.1	300000	400000	10
NC_006070.1	400000	500000	1
NC_006070.1	500000	600000	3
NC_006070.1	600000	700000	9
NC_006070.1	700000	800000	5
NC_006070.1	800000	900000	4
NC_006070.1	900000	1000000	11
NC_006070.1	1100000	1200000	5
NC_006070.1	1200000	1300000	3
NC_006070.1	1300000	1400000	3
NC_006070.1	1400000	1500000	5
NC_006070.1	1500000	1600000	3
NC_006070.1	1600000	1700000	3
NC_006070.1	1700000	1800000	1
NC_006070.1	1800000	1900000	6
NC_006070.1	1900000	2000000	6
NC_006070.1	2000000	2100000	1
NC_006070.1	2300000	2400000	3
NC_006070.1	2400000	2500000	1
NC_006070.1	2500000	2600000	7
NC_006070.1	2600000	2700000	1
NC_006070.1	2900000	3000000	4
NC_006070.1	3000000	3100000	1
NC_006070.1	3100000	3200000	4
NC_006070.1	3200000	3300000	7
NC_006070.1	3300000	3400000	5
NC_006070.1	3400000	3500000	2
NC_006070.1	3500000	3600000	3
NC_006070.1	3600000	3633272	1
NC_006071.1	0	100000	5
NC_006071.1	100000	200000	1
NC_006071.1	200000	300000	1
NC_006071.1	300000	400000	4
NC_006071.1	400000	500000	3
NC_006071.1	500000	600000	1
NC_006071.1	600000	700000	3
NC_006071.1	700000	800000	4
NC_006071.1	800000	900000	3
NC_006071.1	900000	1000000	3
NC_006071.1	1100000	1200000	1
NC_006071.1	1200000	1300000	3
NC_006071.1	1300000	1400000	5
NC_006071.1	1500000	1600000	2
NC_006071.1	1600000	1700000	4
NC_006071.1	1700000	1800000	5
NC_006071.1	1800000	1900000	8
NC_006071.1	1900000	2000000	2
NC_006071.1	2000000	2100000	3
NC_006071.1	2100000	2200000	8
NC_006071.1	2200000	2300000	2
NC_006071.1	2300000	2400000	2
NC_006071.1	2400000	2500000	2
NC_006071.1	2500000	2600000	2
NC_006071.1	2600000	2700000	5
NC_006071.1	2700000	2800000	10
NC_006071.1	2800000	2900000	5
NC_006071.1	2900000	3000000	2
NC_006071.1	3000000	3100000	5
NC_006071.1	3100000	3200000	2
NC_006071.1	3200000	3300000	5
NC_006071.1	3300000	3400000	2
NC_006071.1	3400000	3500000	2
NC_006071.1	3500000	3600000	1
NC_006071.1	3600000	3700000	1
NC_006071.1	3700000	3800000	4
NC_006071.1	3800000	3900000	2
NC_006071.1	3900000	4000000	3
NC_006071.1	4000000	4100000	2
NC_006071.1	4200000	4224103	1
NC_006072.1	0	100000	15
NC_006072.1	200000	300000	1
NC_006072.1	300000	400000	4
NC_006072.1	400000	500000	5
NC_006072.1	500000	600000	5
NC_006072.1	600000	700000	7
NC_006072.1	700000	800000	2
NC_006072.1	800000	900000	2
NC_006072.1	900000	1000000	2
NC_006072.1	1000000	1100000	1
NC_006072.1	1100000	1200000	5
NC_006072.1	1200000	1300000	2
NC_006072.1	1300000	1400000	6
NC_006072.1	1400000	1500000	4
NC_006072.1	1500000	1600000	7
NC_006072.1	1600000	1700000	11
NC_006072.1	1700000	1800000	3
NC_006072.1	1800000	1900000	1
NC_006072.1	1900000	2000000	1
NC_006072.1	2000000	2100000	2
NC_006072.1	2100000	2200000	3
NC_006072.1	2200000	2300000	5
NC_006072.1	2300000	2400000	2
NC_006072.1	2400000	2500000	8
NC_006072.1	2500000	2600000	5
NC_006072.1	2600000	2700000	6
NC_006072.1	2800000	2900000	1
NC_006072.1	2900000	3000000	3
NC_006072.1	3000000	3100000	3
NC_006072.1	3100000	3200000	2
NC_006072.1	3200000	3300000	4
NC_006072.1	3300000	3400000	4
NC_006072.1	3400000	3500000	2
NC_006072.1	3500000	3600000	4
NC_006072.1	3600000	3700000	7
NC_006072.1	3700000	3800000	1
NC_006072.1	3800000	3900000	3
NC_006072.1	3900000	4000000	4
NC_006072.1	4000000	4003362	2
